{
 "cells": [
  {
   "cell_type": "code",
   "execution_count": null,
   "id": "5e341821",
   "metadata": {},
   "outputs": [],
   "source": [
    "!pip install rdkit"
   ]
  },
  {
   "cell_type": "code",
   "execution_count": 2,
   "id": "5d1a743e",
   "metadata": {},
   "outputs": [
    {
     "ename": "ModuleNotFoundError",
     "evalue": "No module named 'rdkit'",
     "output_type": "error",
     "traceback": [
      "\u001b[0;31m---------------------------------------------------------------------------\u001b[0m",
      "\u001b[0;31mModuleNotFoundError\u001b[0m                       Traceback (most recent call last)",
      "Cell \u001b[0;32mIn[2], line 2\u001b[0m\n\u001b[1;32m      1\u001b[0m \u001b[38;5;28;01mimport\u001b[39;00m \u001b[38;5;21;01mos\u001b[39;00m\n\u001b[0;32m----> 2\u001b[0m \u001b[38;5;28;01mfrom\u001b[39;00m \u001b[38;5;21;01mrdkit\u001b[39;00m\u001b[38;5;21;01m.\u001b[39;00m\u001b[38;5;21;01mChem\u001b[39;00m \u001b[38;5;28;01mimport\u001b[39;00m AllChem\n\u001b[1;32m      3\u001b[0m \u001b[38;5;28;01mfrom\u001b[39;00m \u001b[38;5;21;01mrdkit\u001b[39;00m \u001b[38;5;28;01mimport\u001b[39;00m Chem\n\u001b[1;32m      4\u001b[0m \u001b[38;5;28;01mimport\u001b[39;00m \u001b[38;5;21;01mtorch\u001b[39;00m\n",
      "\u001b[0;31mModuleNotFoundError\u001b[0m: No module named 'rdkit'"
     ]
    }
   ],
   "source": [
    "import os\n",
    "from rdkit.Chem import AllChem\n",
    "from rdkit import Chem\n",
    "import torch\n",
    "# torch.manual_seed(0)\n",
    "import numpy as np\n",
    "from torch_geometric.data import Data\n",
    "\n",
    "from torch_geometric.data import DataLoader\n",
    "\n",
    "from model import GNN_graphpred\n",
    "\n",
    "from tqdm import tqdm\n",
    "\n",
    "# from torchsummary import summary\n",
    "from loader import CustomDataset\n",
    "\n",
    "from sklearn.neighbors import NearestNeighbors\n",
    "from sklearn.decomposition import PCA\n",
    "from sklearn.cluster import Birch"
   ]
  },
  {
   "cell_type": "code",
   "execution_count": 2,
   "id": "dc41d19a",
   "metadata": {},
   "outputs": [],
   "source": [
    "os.environ['CUDA_LAUNCH_BLOCKING'] = \"1\"\n",
    "# torch.autograd.set_detect_anomaly(True)"
   ]
  },
  {
   "cell_type": "code",
   "execution_count": 3,
   "id": "9d569fb9",
   "metadata": {},
   "outputs": [
    {
     "name": "stdout",
     "output_type": "stream",
     "text": [
      "cuda:0\n"
     ]
    }
   ],
   "source": [
    "device = torch.device(\"cuda:0\")\n",
    "print(device)"
   ]
  },
  {
   "cell_type": "code",
   "execution_count": 4,
   "id": "3ba0d672",
   "metadata": {},
   "outputs": [
    {
     "name": "stdout",
     "output_type": "stream",
     "text": [
      "Processing...\n",
      "6 8\n",
      "\n",
      "6 8\n",
      "\n",
      "6 8\n",
      "\n",
      "6 8\n",
      "\n",
      "6 8\n",
      "\n",
      "6 8\n",
      "\n",
      "6 8\n",
      "\n",
      "6 8\n",
      "\n",
      "6 8\n",
      "\n",
      "6 8\n",
      "\n",
      "6 8\n",
      "\n",
      "6 8\n",
      "\n",
      "6 8\n",
      "\n",
      "6 8\n",
      "\n",
      "6 8\n",
      "\n",
      "6 8\n",
      "\n",
      "6 8\n",
      "\n",
      "6 8\n",
      "\n",
      "6 8\n",
      "\n",
      "6 8\n",
      "\n",
      "6 8\n",
      "\n",
      "6 8\n",
      "\n",
      "6 8\n",
      "\n",
      "6 8\n",
      "\n",
      "6 8\n",
      "\n",
      "6 8\n",
      "\n",
      "6 8\n",
      "\n",
      "6 8\n",
      "\n",
      "6 8\n",
      "\n",
      "6 8\n",
      "\n",
      "6 8\n",
      "\n",
      "6 8\n",
      "\n",
      "6 8\n",
      "\n",
      "6 8\n",
      "\n",
      "6 8\n",
      "\n",
      "6 8\n",
      "\n",
      "6 8\n",
      "\n",
      "6 8\n",
      "\n",
      "6 8\n",
      "\n",
      "6 8\n",
      "\n",
      "6 8\n",
      "\n",
      "6 8\n",
      "\n",
      "6 8\n",
      "\n",
      "6 8\n",
      "\n",
      "6 8\n",
      "\n",
      "6 8\n",
      "\n",
      "6 8\n",
      "\n",
      "6 8\n",
      "\n",
      "6 8\n",
      "\n",
      "6 8\n",
      "\n",
      "Read 50 graphs\n",
      "Done!\n"
     ]
    }
   ],
   "source": [
    "os.remove('data/processed/data_.pt')\n",
    "dataset = CustomDataset(root=\"data\")\n",
    "loader = DataLoader(dataset, batch_size=1, shuffle=False)"
   ]
  },
  {
   "cell_type": "code",
   "execution_count": 5,
   "id": "299684f6",
   "metadata": {
    "scrolled": true
   },
   "outputs": [
    {
     "data": {
      "text/plain": [
       "GNN_graphpred(\n",
       "  (gnn): GNN(\n",
       "    (x_embedding1): Embedding(120, 300)\n",
       "    (x_embedding2): Embedding(3, 300)\n",
       "    (gnns): ModuleList(\n",
       "      (0): GINConv(\n",
       "        (mlp): Sequential(\n",
       "          (0): Linear(in_features=300, out_features=600, bias=True)\n",
       "          (1): ReLU()\n",
       "          (2): Linear(in_features=600, out_features=300, bias=True)\n",
       "        )\n",
       "        (edge_embedding1): Embedding(6, 300)\n",
       "        (edge_embedding2): Embedding(3, 300)\n",
       "      )\n",
       "      (1): GINConv(\n",
       "        (mlp): Sequential(\n",
       "          (0): Linear(in_features=300, out_features=600, bias=True)\n",
       "          (1): ReLU()\n",
       "          (2): Linear(in_features=600, out_features=300, bias=True)\n",
       "        )\n",
       "        (edge_embedding1): Embedding(6, 300)\n",
       "        (edge_embedding2): Embedding(3, 300)\n",
       "      )\n",
       "      (2): GINConv(\n",
       "        (mlp): Sequential(\n",
       "          (0): Linear(in_features=300, out_features=600, bias=True)\n",
       "          (1): ReLU()\n",
       "          (2): Linear(in_features=600, out_features=300, bias=True)\n",
       "        )\n",
       "        (edge_embedding1): Embedding(6, 300)\n",
       "        (edge_embedding2): Embedding(3, 300)\n",
       "      )\n",
       "      (3): GINConv(\n",
       "        (mlp): Sequential(\n",
       "          (0): Linear(in_features=300, out_features=600, bias=True)\n",
       "          (1): ReLU()\n",
       "          (2): Linear(in_features=600, out_features=300, bias=True)\n",
       "        )\n",
       "        (edge_embedding1): Embedding(6, 300)\n",
       "        (edge_embedding2): Embedding(3, 300)\n",
       "      )\n",
       "      (4): GINConv(\n",
       "        (mlp): Sequential(\n",
       "          (0): Linear(in_features=300, out_features=600, bias=True)\n",
       "          (1): ReLU()\n",
       "          (2): Linear(in_features=600, out_features=300, bias=True)\n",
       "        )\n",
       "        (edge_embedding1): Embedding(6, 300)\n",
       "        (edge_embedding2): Embedding(3, 300)\n",
       "      )\n",
       "    )\n",
       "    (batch_norms): ModuleList(\n",
       "      (0): BatchNorm1d(300, eps=1e-05, momentum=0.1, affine=True, track_running_stats=True)\n",
       "      (1): BatchNorm1d(300, eps=1e-05, momentum=0.1, affine=True, track_running_stats=True)\n",
       "      (2): BatchNorm1d(300, eps=1e-05, momentum=0.1, affine=True, track_running_stats=True)\n",
       "      (3): BatchNorm1d(300, eps=1e-05, momentum=0.1, affine=True, track_running_stats=True)\n",
       "      (4): BatchNorm1d(300, eps=1e-05, momentum=0.1, affine=True, track_running_stats=True)\n",
       "    )\n",
       "  )\n",
       "  (graph_pred_linear): Linear(in_features=300, out_features=2, bias=True)\n",
       ")"
      ]
     },
     "execution_count": 5,
     "metadata": {},
     "output_type": "execute_result"
    }
   ],
   "source": [
    "model = GNN_graphpred(num_layer=5, emb_dim=300, num_tasks=2, JK=\"last\", drop_ratio=0.5, graph_pooling=\"mean\")\n",
    "model.from_pretrained(\"../chem/model_gin/supervised.pth\")\n",
    "model.to(device)"
   ]
  },
  {
   "cell_type": "code",
   "execution_count": 6,
   "id": "c4aad9f5",
   "metadata": {},
   "outputs": [
    {
     "name": "stderr",
     "output_type": "stream",
     "text": [
      "Iteration: 100%|██████████| 50/50 [00:00<00:00, 217.45it/s]\n"
     ]
    }
   ],
   "source": [
    "embeddings = []\n",
    "\n",
    "for step, batch in enumerate(tqdm(loader, desc=\"Iteration\")):\n",
    "    batch = batch.to(device)\n",
    "#     print(batch.edge_index)\n",
    "    with torch.no_grad():\n",
    "        model.eval()\n",
    "        pred = model(batch.x, batch.edge_index, batch.edge_attr, batch.batch)\n",
    "        embeddings.append(pred.squeeze(0))\n",
    "    #     print(pred.shape)\n",
    "    #     y_true.append(batch.y.view(pred.shape))\n",
    "    #     y_scores.append(pred)"
   ]
  },
  {
   "cell_type": "code",
   "execution_count": 7,
   "id": "8982c39a",
   "metadata": {},
   "outputs": [
    {
     "name": "stdout",
     "output_type": "stream",
     "text": [
      "torch.Size([50, 300])\n",
      "torch.Size([50, 50])\n",
      "1591.35 1412.51 1523.39 1606.72 1576.18 1608.28 1601.02 1468.44 1490.21 1599.57 1611.06 1466.63 1542.52 1586.14 1616.22 1629.21 1704.95 1522.64 1615.55 1547.10 1572.31 1537.18 1596.53 1535.55 1624.74 1590.95 1488.48 1522.23 1554.15 1509.23 1601.96 1482.25 1443.54 1516.92 1600.48 1502.82 1599.57 1590.06 1591.40 1600.48 1595.30 1339.23 1542.14 1502.16 1610.41 1512.00 1502.82 1618.18 1649.23 1543.75 \n",
      "\n",
      "1412.51 1283.41 1366.38 1435.68 1399.56 1417.44 1418.93 1333.61 1337.36 1413.89 1419.45 1314.37 1383.86 1405.51 1442.87 1452.62 1492.54 1365.84 1436.80 1380.43 1395.12 1376.43 1417.72 1372.05 1436.80 1408.46 1338.68 1364.85 1375.96 1351.55 1420.12 1336.50 1307.04 1352.33 1418.58 1348.49 1413.89 1407.89 1412.54 1418.58 1411.27 1230.32 1379.71 1356.85 1425.91 1356.68 1348.49 1431.99 1461.00 1381.08 \n",
      "\n",
      "1523.39 1366.38 1467.71 1549.37 1510.15 1537.77 1531.68 1426.86 1430.89 1529.93 1539.99 1405.52 1487.49 1518.93 1558.05 1569.21 1625.81 1467.03 1553.48 1484.98 1510.39 1479.42 1530.62 1472.46 1552.78 1522.81 1431.58 1466.16 1485.03 1448.04 1532.34 1429.26 1395.30 1454.13 1531.23 1444.32 1529.93 1522.03 1523.44 1531.23 1526.51 1302.47 1483.66 1454.51 1539.52 1455.05 1444.32 1547.40 1581.84 1485.53 \n",
      "\n",
      "1606.72 1435.68 1549.37 1753.35 1589.14 1642.00 1615.10 1627.54 1490.51 1630.48 1643.64 1435.65 1617.10 1617.10 1760.87 1769.88 1785.52 1548.48 1708.97 1570.34 1639.65 1568.19 1627.19 1535.65 1640.61 1622.37 1493.13 1546.55 1547.39 1509.26 1615.96 1499.23 1472.75 1503.32 1614.55 1508.30 1630.48 1621.22 1606.76 1614.55 1626.02 1372.15 1573.36 1596.26 1621.82 1530.77 1508.30 1640.10 1749.32 1577.80 \n",
      "\n",
      "1576.18 1399.56 1510.15 1589.14 1564.73 1595.52 1586.36 1450.45 1476.44 1587.20 1598.28 1454.04 1529.59 1573.61 1599.00 1611.39 1692.05 1509.41 1600.48 1533.25 1559.15 1522.51 1580.59 1522.64 1609.75 1578.15 1476.16 1509.02 1543.06 1495.35 1586.40 1468.98 1428.64 1503.07 1585.82 1490.50 1587.20 1577.25 1576.25 1585.82 1583.08 1327.24 1527.36 1488.24 1595.85 1497.46 1490.50 1604.43 1632.69 1528.83 \n",
      "\n",
      "1608.28 1417.44 1537.77 1642.00 1595.52 1640.13 1619.36 1494.29 1495.96 1626.48 1642.62 1468.03 1565.13 1611.05 1652.34 1665.08 1748.38 1536.93 1647.74 1562.88 1604.19 1552.09 1616.66 1545.21 1644.83 1616.42 1494.98 1536.53 1572.90 1516.27 1618.99 1490.23 1450.13 1526.98 1618.76 1511.19 1626.48 1615.32 1608.36 1618.76 1621.70 1340.86 1557.63 1524.00 1628.68 1522.71 1511.19 1639.92 1683.48 1559.94 \n",
      "\n",
      "1601.02 1418.93 1531.68 1615.10 1586.36 1619.36 1611.08 1474.23 1498.28 1610.48 1622.21 1475.01 1550.99 1596.62 1624.85 1638.04 1717.68 1530.92 1625.09 1556.20 1582.19 1545.48 1605.94 1544.55 1635.13 1601.55 1496.63 1530.59 1564.92 1517.64 1611.78 1489.76 1449.94 1525.79 1610.53 1511.30 1610.48 1600.63 1601.08 1610.53 1606.10 1344.34 1550.56 1509.40 1620.67 1519.89 1511.30 1628.78 1659.13 1552.13 \n",
      "\n",
      "1468.44 1333.61 1426.86 1627.54 1450.45 1494.29 1474.23 1535.03 1369.89 1486.34 1495.37 1313.62 1494.37 1476.73 1632.86 1640.14 1623.31 1426.10 1573.47 1440.72 1503.71 1444.19 1489.96 1406.49 1495.36 1480.97 1374.14 1423.68 1406.92 1385.21 1475.61 1384.33 1367.71 1373.95 1473.81 1386.36 1486.34 1480.05 1468.46 1473.81 1482.92 1285.88 1448.21 1486.31 1478.81 1409.61 1386.36 1496.08 1607.46 1452.73 \n",
      "\n",
      "1490.21 1337.36 1430.89 1490.51 1476.44 1495.96 1498.28 1369.89 1407.91 1491.49 1498.63 1389.52 1443.50 1480.67 1498.81 1510.59 1575.48 1430.29 1501.67 1451.11 1461.81 1441.89 1491.68 1447.01 1518.61 1484.42 1406.31 1429.91 1456.16 1424.17 1499.56 1398.60 1362.68 1427.32 1497.85 1417.79 1491.49 1483.76 1490.25 1497.85 1488.11 1273.63 1445.86 1406.50 1507.19 1422.87 1417.79 1511.79 1529.95 1446.65 \n",
      "\n",
      "1599.57 1413.89 1529.93 1630.48 1587.20 1626.48 1610.48 1486.34 1491.49 1617.22 1629.24 1464.78 1557.36 1602.18 1640.64 1653.31 1736.30 1529.13 1635.97 1556.05 1591.64 1544.23 1606.28 1539.79 1635.45 1607.34 1491.63 1528.71 1566.23 1511.25 1610.17 1485.26 1444.33 1518.87 1609.89 1507.17 1617.22 1606.31 1599.64 1609.89 1612.59 1338.83 1549.54 1516.06 1620.01 1515.54 1507.17 1631.77 1672.22 1551.51 \n",
      "\n",
      "1611.06 1419.45 1539.99 1643.64 1598.28 1642.62 1622.21 1495.37 1498.63 1629.24 1645.18 1470.95 1567.20 1613.71 1654.01 1666.87 1751.33 1539.15 1649.79 1565.48 1606.21 1554.42 1619.18 1548.01 1647.77 1619.11 1497.62 1538.77 1575.88 1519.01 1621.87 1492.53 1452.10 1529.60 1621.60 1513.86 1629.24 1618.00 1611.15 1621.60 1624.43 1342.45 1559.98 1525.62 1631.62 1525.04 1513.86 1642.86 1685.85 1562.25 \n",
      "\n",
      "1466.63 1314.37 1405.52 1435.65 1454.04 1468.03 1475.01 1313.62 1389.52 1464.78 1470.95 1381.59 1405.40 1454.02 1444.45 1456.64 1535.60 1404.97 1459.05 1426.61 1426.48 1414.89 1464.07 1428.32 1494.75 1457.53 1387.36 1404.90 1440.79 1405.50 1476.17 1376.08 1337.20 1412.87 1474.59 1398.52 1464.78 1456.94 1466.67 1474.59 1461.51 1249.34 1418.72 1364.51 1484.60 1399.21 1398.52 1486.72 1483.90 1418.82 \n",
      "\n",
      "1542.52 1383.86 1487.49 1617.10 1529.59 1565.13 1550.99 1494.37 1443.50 1557.36 1567.20 1405.40 1530.61 1545.48 1625.29 1635.49 1677.66 1486.75 1602.70 1506.68 1549.07 1501.68 1553.91 1486.07 1573.26 1549.81 1445.85 1485.58 1497.02 1460.99 1551.38 1445.67 1413.75 1459.12 1550.51 1459.20 1557.37 1548.91 1542.58 1550.51 1553.62 1321.35 1506.15 1501.60 1558.40 1472.19 1459.20 1571.15 1634.91 1508.76 \n",
      "\n",
      "1586.14 1405.51 1518.93 1617.10 1573.61 1611.05 1596.62 1476.73 1480.67 1602.18 1613.71 1454.02 1545.48 1587.86 1627.01 1639.42 1717.45 1518.15 1622.08 1543.69 1577.92 1532.82 1593.00 1527.84 1620.92 1592.81 1480.98 1517.65 1552.00 1499.97 1596.43 1475.32 1435.55 1507.18 1596.05 1496.08 1602.18 1591.82 1586.22 1596.05 1597.76 1332.44 1537.96 1505.69 1605.84 1504.79 1496.08 1617.08 1657.01 1539.92 \n",
      "\n",
      "1616.22 1442.87 1558.05 1760.87 1599.00 1652.34 1624.85 1632.86 1498.81 1640.64 1654.01 1444.45 1625.29 1627.01 1768.69 1777.80 1796.50 1557.15 1717.74 1579.41 1648.91 1576.84 1636.53 1544.67 1650.59 1632.32 1501.59 1555.25 1557.73 1517.80 1625.56 1507.35 1479.92 1512.54 1624.29 1516.98 1640.64 1631.15 1616.27 1624.29 1636.13 1378.23 1582.08 1603.51 1631.69 1539.12 1516.98 1650.16 1758.46 1586.50 \n",
      "\n",
      "1629.21 1452.62 1569.21 1769.88 1611.39 1665.08 1638.04 1640.14 1510.59 1653.31 1666.87 1456.64 1635.49 1639.42 1777.80 1787.78 1809.58 1568.30 1728.42 1591.58 1660.05 1588.55 1649.10 1556.73 1663.95 1644.96 1513.01 1566.54 1570.68 1529.91 1638.86 1518.14 1490.01 1524.99 1637.47 1528.68 1653.31 1643.79 1629.26 1637.47 1648.64 1386.27 1593.93 1612.57 1644.98 1550.32 1528.68 1663.38 1769.85 1598.27 \n",
      "\n",
      "1704.95 1492.54 1625.81 1785.52 1692.05 1748.38 1717.68 1623.31 1575.48 1736.30 1751.33 1535.60 1677.66 1717.45 1796.50 1809.58 1897.94 1624.82 1773.98 1658.22 1718.33 1644.65 1716.81 1630.32 1747.20 1724.01 1576.80 1624.19 1665.52 1598.01 1717.03 1571.38 1527.92 1602.29 1716.95 1595.21 1736.30 1722.65 1705.04 1716.95 1730.41 1408.78 1651.06 1634.71 1727.88 1606.75 1595.21 1746.76 1819.98 1654.18 \n",
      "\n",
      "1522.64 1365.84 1467.03 1548.48 1509.41 1536.93 1530.92 1426.10 1430.29 1529.13 1539.15 1404.97 1486.75 1518.15 1557.15 1568.30 1624.82 1466.36 1552.62 1484.27 1509.56 1478.72 1529.84 1471.81 1551.99 1522.02 1430.98 1465.49 1484.31 1447.41 1531.58 1428.66 1394.71 1453.49 1530.47 1443.70 1529.13 1521.24 1522.69 1530.47 1525.72 1302.00 1482.95 1453.80 1538.75 1454.40 1443.70 1546.61 1580.92 1484.81 \n",
      "\n",
      "1615.55 1436.80 1553.48 1708.97 1600.48 1647.74 1625.09 1573.47 1501.67 1635.97 1649.79 1459.05 1602.70 1622.08 1717.74 1728.42 1773.98 1552.62 1689.73 1575.53 1632.18 1569.86 1630.57 1548.91 1650.25 1627.23 1503.06 1551.34 1566.48 1521.14 1625.29 1504.55 1471.84 1522.76 1624.53 1518.81 1635.97 1626.13 1615.62 1624.53 1631.55 1367.77 1575.10 1572.44 1632.89 1536.28 1518.81 1647.73 1725.62 1578.53 \n",
      "\n",
      "1547.10 1380.43 1484.98 1570.34 1533.25 1562.88 1556.20 1440.72 1451.11 1556.05 1565.48 1426.61 1506.68 1543.69 1579.41 1591.58 1658.22 1484.27 1575.53 1507.05 1531.98 1498.21 1552.78 1494.29 1578.51 1548.12 1451.25 1483.69 1511.01 1469.04 1556.91 1445.99 1409.02 1474.32 1555.70 1464.67 1556.05 1547.28 1547.15 1555.70 1552.15 1312.02 1502.82 1469.93 1564.84 1472.91 1464.67 1573.63 1607.08 1504.44 \n",
      "\n",
      "1572.31 1395.12 1510.39 1639.65 1559.15 1604.19 1582.19 1503.71 1461.81 1591.64 1606.21 1426.48 1549.07 1577.92 1648.91 1660.05 1718.33 1509.56 1632.18 1531.98 1583.71 1525.13 1585.01 1508.83 1606.54 1582.83 1462.85 1508.57 1530.63 1481.07 1581.93 1462.84 1428.27 1487.85 1581.63 1478.52 1591.64 1581.76 1572.38 1581.62 1587.37 1325.65 1530.29 1516.28 1590.11 1493.75 1478.52 1603.37 1664.81 1533.35 \n",
      "\n",
      "1537.18 1376.43 1479.42 1568.19 1522.51 1552.09 1545.48 1444.19 1441.89 1544.23 1554.42 1414.89 1501.68 1532.82 1576.84 1588.55 1644.65 1478.72 1569.86 1498.21 1525.13 1492.72 1545.08 1483.71 1567.15 1537.02 1442.39 1477.84 1497.15 1459.41 1546.54 1440.26 1406.58 1464.99 1545.01 1455.39 1544.23 1536.20 1537.22 1545.01 1540.58 1310.87 1497.14 1468.86 1553.35 1466.86 1455.39 1561.98 1600.21 1499.15 \n",
      "\n",
      "1596.53 1417.72 1530.62 1627.19 1580.59 1616.66 1605.94 1489.96 1491.68 1606.28 1619.18 1464.07 1553.91 1593.00 1636.53 1649.10 1716.81 1529.84 1630.57 1552.78 1585.01 1545.08 1604.84 1537.23 1629.94 1597.85 1490.43 1529.14 1555.75 1510.84 1606.91 1487.24 1450.83 1519.12 1605.40 1505.10 1606.28 1596.91 1596.58 1605.40 1602.02 1345.37 1550.11 1516.58 1614.72 1517.86 1505.10 1623.67 1664.66 1552.29 \n",
      "\n",
      "1535.55 1372.05 1472.46 1535.65 1522.64 1545.21 1544.55 1406.49 1447.01 1539.79 1548.01 1428.32 1486.07 1527.84 1544.67 1556.73 1630.32 1471.81 1548.91 1494.29 1508.83 1483.71 1537.23 1489.39 1566.20 1531.83 1445.64 1471.46 1502.64 1464.43 1545.34 1437.21 1398.64 1469.35 1544.08 1458.24 1539.79 1531.10 1535.60 1544.08 1536.15 1304.26 1487.99 1446.11 1554.03 1463.30 1458.24 1559.62 1578.47 1488.89 \n",
      "\n",
      "1624.74 1436.80 1552.78 1640.61 1609.75 1644.83 1635.13 1495.36 1518.61 1635.45 1647.77 1494.75 1573.26 1620.92 1650.59 1663.95 1747.20 1551.99 1650.25 1578.51 1606.54 1567.15 1629.94 1566.20 1660.18 1626.03 1516.68 1551.64 1588.33 1538.49 1635.89 1509.56 1468.80 1547.19 1634.56 1531.87 1635.45 1625.06 1624.80 1634.56 1630.87 1360.07 1572.41 1530.40 1645.11 1540.82 1531.87 1653.71 1686.11 1574.10 \n",
      "\n",
      "1590.95 1408.46 1522.81 1622.37 1578.15 1616.42 1601.55 1480.97 1484.42 1607.34 1619.11 1457.53 1549.81 1592.81 1632.32 1644.96 1724.01 1522.02 1627.23 1548.12 1582.83 1537.02 1597.85 1531.83 1626.03 1597.89 1484.57 1521.57 1556.65 1503.90 1601.38 1478.74 1438.79 1511.21 1600.98 1499.84 1607.34 1596.89 1591.03 1600.98 1602.82 1334.65 1542.24 1509.68 1610.81 1508.57 1499.84 1622.20 1662.58 1544.20 \n",
      "\n",
      "1488.48 1338.68 1431.58 1493.13 1476.16 1494.98 1496.63 1374.14 1406.31 1491.63 1497.62 1387.36 1445.85 1480.98 1501.59 1513.01 1576.80 1430.98 1503.06 1451.25 1462.85 1442.39 1490.43 1445.64 1516.68 1484.57 1406.65 1430.46 1456.10 1422.44 1497.55 1399.31 1362.87 1425.11 1496.21 1417.98 1491.63 1483.92 1488.52 1496.21 1488.37 1275.97 1446.26 1409.79 1505.28 1422.13 1417.98 1511.37 1530.63 1447.12 \n",
      "\n",
      "1522.23 1364.85 1466.16 1546.55 1509.02 1536.53 1530.59 1423.68 1429.91 1528.71 1538.77 1404.90 1485.58 1517.65 1555.25 1566.54 1624.19 1465.49 1551.34 1483.69 1508.57 1477.84 1529.14 1471.46 1551.64 1521.57 1430.46 1464.68 1484.18 1447.08 1531.21 1427.80 1393.56 1453.19 1530.13 1443.21 1528.71 1520.80 1522.28 1530.13 1525.26 1300.68 1482.09 1452.17 1538.46 1453.60 1443.21 1546.19 1579.67 1483.90 \n",
      "\n",
      "1554.15 1375.96 1485.03 1547.39 1543.06 1572.90 1564.92 1406.92 1456.16 1566.23 1575.88 1440.79 1497.02 1552.00 1557.73 1570.68 1665.52 1484.31 1566.48 1511.01 1530.63 1497.15 1555.75 1502.64 1588.33 1556.65 1456.10 1484.18 1530.63 1475.03 1564.65 1445.95 1402.50 1485.98 1564.37 1470.32 1566.23 1555.76 1554.22 1564.37 1561.94 1301.75 1502.04 1452.47 1574.98 1473.41 1470.32 1583.68 1597.45 1503.05 \n",
      "\n",
      "1509.23 1351.55 1448.04 1509.26 1495.35 1516.27 1517.64 1385.21 1424.17 1511.25 1519.01 1405.50 1460.99 1499.97 1517.80 1529.91 1598.01 1447.41 1521.14 1469.04 1481.07 1459.41 1510.84 1464.43 1538.49 1503.90 1422.44 1447.08 1475.03 1440.96 1518.86 1414.48 1377.70 1444.83 1517.19 1434.38 1511.25 1503.21 1509.27 1517.19 1507.71 1285.87 1463.55 1422.83 1526.73 1439.67 1434.38 1531.61 1550.08 1464.38 \n",
      "\n",
      "1601.96 1420.12 1532.34 1615.96 1586.40 1618.99 1611.78 1475.61 1499.56 1610.17 1621.87 1476.17 1551.38 1596.43 1625.56 1638.86 1717.03 1531.58 1625.29 1556.91 1581.93 1546.54 1606.91 1545.34 1635.89 1601.38 1497.55 1531.21 1564.65 1518.86 1612.88 1490.83 1451.53 1526.75 1611.23 1512.06 1610.17 1600.47 1602.01 1611.23 1605.78 1345.49 1551.60 1510.09 1621.38 1521.06 1512.06 1629.14 1659.80 1553.19 \n",
      "\n",
      "1482.25 1336.50 1429.26 1499.23 1468.98 1490.23 1489.76 1384.33 1398.60 1485.26 1492.53 1376.08 1445.67 1475.32 1507.35 1518.14 1571.38 1428.66 1504.55 1445.99 1462.84 1440.26 1487.24 1437.21 1509.56 1478.74 1399.31 1427.80 1445.95 1414.48 1490.83 1395.79 1362.56 1418.12 1489.35 1410.58 1485.26 1478.08 1482.29 1489.35 1482.18 1276.30 1444.05 1413.66 1497.60 1418.87 1410.58 1504.14 1531.43 1445.46 \n",
      "\n",
      "1443.54 1307.04 1395.30 1472.75 1428.64 1450.13 1449.94 1367.71 1362.68 1444.33 1452.10 1337.20 1413.75 1435.55 1479.92 1490.01 1527.92 1394.71 1471.84 1409.02 1428.27 1406.58 1450.83 1398.64 1468.80 1438.79 1362.87 1393.56 1402.50 1377.70 1451.53 1362.56 1334.90 1380.28 1449.57 1373.57 1444.33 1438.17 1443.56 1449.57 1441.51 1251.88 1410.11 1387.46 1456.91 1385.48 1373.57 1462.92 1497.37 1411.92 \n",
      "\n",
      "1516.92 1352.33 1454.13 1503.32 1503.07 1526.98 1525.79 1373.95 1427.32 1518.87 1529.60 1412.87 1459.12 1507.18 1512.54 1524.99 1602.29 1453.49 1522.76 1474.32 1487.85 1464.99 1519.12 1469.35 1547.19 1511.21 1425.11 1453.19 1485.98 1444.83 1526.75 1418.12 1380.28 1456.41 1525.32 1437.93 1518.87 1510.46 1516.97 1525.32 1515.25 1283.66 1469.36 1419.25 1534.92 1444.98 1437.93 1538.99 1549.33 1470.37 \n",
      "\n",
      "1600.48 1418.58 1531.23 1614.55 1585.82 1618.76 1610.53 1473.81 1497.85 1609.89 1621.60 1474.59 1550.51 1596.05 1624.29 1637.47 1716.95 1530.47 1624.53 1555.70 1581.63 1545.01 1605.40 1544.08 1634.56 1600.98 1496.21 1530.13 1564.37 1517.19 1611.23 1489.35 1449.57 1525.32 1609.98 1510.86 1609.89 1600.06 1600.54 1609.98 1605.51 1344.07 1550.08 1508.96 1620.11 1519.45 1510.86 1628.20 1658.52 1551.65 \n",
      "\n",
      "1502.82 1348.49 1444.32 1508.30 1490.50 1511.19 1511.30 1386.36 1417.79 1507.17 1513.86 1398.52 1459.20 1496.08 1516.98 1528.68 1595.21 1443.70 1518.81 1464.67 1478.52 1455.39 1505.10 1458.24 1531.87 1499.84 1417.98 1443.21 1470.32 1434.38 1512.06 1410.58 1373.57 1437.93 1510.86 1430.03 1507.17 1499.15 1502.86 1510.86 1503.77 1284.20 1459.43 1422.29 1520.10 1434.34 1430.03 1526.55 1546.84 1460.38 \n",
      "\n",
      "1599.57 1413.89 1529.93 1630.48 1587.20 1626.48 1610.48 1486.34 1491.49 1617.22 1629.24 1464.78 1557.37 1602.18 1640.64 1653.31 1736.30 1529.13 1635.97 1556.05 1591.64 1544.23 1606.28 1539.79 1635.45 1607.34 1491.63 1528.71 1566.23 1511.25 1610.17 1485.26 1444.33 1518.87 1609.89 1507.17 1617.22 1606.31 1599.64 1609.89 1612.59 1338.83 1549.54 1516.06 1620.01 1515.54 1507.17 1631.77 1672.22 1551.51 \n",
      "\n",
      "1590.06 1407.89 1522.03 1621.22 1577.25 1615.32 1600.63 1480.05 1483.76 1606.31 1618.00 1456.94 1548.91 1591.82 1631.15 1643.79 1722.65 1521.24 1626.13 1547.28 1581.76 1536.20 1596.91 1531.10 1625.06 1596.89 1483.92 1520.80 1555.76 1503.21 1600.47 1478.08 1438.17 1510.46 1600.06 1499.15 1606.31 1595.88 1590.13 1600.06 1601.80 1334.19 1541.41 1508.82 1609.88 1507.84 1499.15 1621.22 1661.40 1543.37 \n",
      "\n",
      "1591.40 1412.54 1523.44 1606.76 1576.25 1608.36 1601.08 1468.46 1490.25 1599.64 1611.15 1466.67 1542.58 1586.22 1616.27 1629.26 1705.04 1522.69 1615.62 1547.15 1572.38 1537.22 1596.58 1535.60 1624.80 1591.03 1488.52 1522.28 1554.22 1509.27 1602.01 1482.29 1443.56 1516.97 1600.54 1502.86 1599.64 1590.13 1591.46 1600.54 1595.38 1339.25 1542.18 1502.20 1610.47 1512.04 1502.86 1618.24 1649.29 1543.79 \n",
      "\n",
      "1600.48 1418.58 1531.23 1614.55 1585.82 1618.76 1610.53 1473.81 1497.85 1609.89 1621.60 1474.59 1550.51 1596.05 1624.29 1637.47 1716.95 1530.47 1624.53 1555.70 1581.62 1545.01 1605.40 1544.08 1634.56 1600.98 1496.21 1530.13 1564.37 1517.19 1611.23 1489.35 1449.57 1525.32 1609.98 1510.86 1609.89 1600.06 1600.54 1609.98 1605.51 1344.07 1550.08 1508.96 1620.11 1519.45 1510.86 1628.20 1658.52 1551.65 \n",
      "\n",
      "1595.30 1411.27 1526.51 1626.02 1583.08 1621.70 1606.10 1482.92 1488.11 1612.59 1624.43 1461.51 1553.62 1597.76 1636.13 1648.64 1730.41 1525.72 1631.55 1552.15 1587.37 1540.58 1602.02 1536.15 1630.87 1602.82 1488.37 1525.26 1561.94 1507.71 1605.78 1482.18 1441.51 1515.25 1605.51 1503.77 1612.59 1601.80 1595.38 1605.51 1608.03 1336.89 1545.82 1512.71 1615.56 1512.18 1503.77 1627.17 1667.32 1547.78 \n",
      "\n",
      "1339.23 1230.32 1302.47 1372.15 1327.24 1340.86 1344.34 1285.88 1273.63 1338.83 1342.45 1249.34 1321.35 1332.44 1378.23 1386.27 1408.78 1302.00 1367.77 1312.02 1325.65 1310.87 1345.37 1304.26 1360.07 1334.65 1275.97 1300.68 1301.75 1285.87 1345.49 1276.30 1251.88 1283.66 1344.07 1284.20 1338.83 1334.19 1339.25 1344.07 1336.89 1186.69 1313.47 1301.01 1350.31 1293.16 1284.20 1355.99 1388.31 1314.95 \n",
      "\n"
     ]
    },
    {
     "name": "stdout",
     "output_type": "stream",
     "text": [
      "1542.14 1379.71 1483.66 1573.36 1527.36 1557.63 1550.56 1448.21 1445.86 1549.54 1559.98 1418.72 1506.15 1537.96 1582.08 1593.93 1651.06 1482.95 1575.10 1502.82 1530.29 1497.14 1550.11 1487.99 1572.41 1542.24 1446.26 1482.09 1502.04 1463.55 1551.60 1444.05 1410.11 1469.36 1550.08 1459.43 1549.54 1541.41 1542.18 1550.08 1545.82 1313.47 1501.63 1472.96 1558.47 1470.97 1459.43 1567.22 1605.82 1503.66 \n",
      "\n",
      "1502.16 1356.85 1454.51 1596.26 1488.24 1524.00 1509.40 1486.31 1406.50 1516.06 1525.62 1364.51 1501.60 1505.69 1603.51 1612.57 1634.71 1453.80 1572.44 1469.93 1516.28 1468.86 1516.58 1446.11 1530.40 1509.68 1409.79 1452.17 1452.47 1422.83 1510.09 1413.66 1387.46 1419.25 1508.96 1422.29 1516.06 1508.82 1502.20 1508.96 1512.71 1301.01 1472.96 1480.50 1515.58 1438.70 1422.29 1528.91 1602.76 1476.14 \n",
      "\n",
      "1610.41 1425.91 1539.52 1621.82 1595.85 1628.68 1620.67 1478.81 1507.19 1620.01 1631.62 1484.60 1558.40 1605.84 1631.69 1644.98 1727.88 1538.75 1632.89 1564.84 1590.11 1553.35 1614.72 1554.03 1645.11 1610.81 1505.28 1538.46 1574.98 1526.73 1621.38 1497.60 1456.91 1534.92 1620.11 1520.10 1620.01 1609.88 1610.47 1620.11 1615.56 1350.31 1558.47 1515.58 1630.60 1528.05 1520.10 1638.61 1667.54 1559.96 \n",
      "\n",
      "1512.00 1356.68 1455.05 1530.77 1497.46 1522.71 1519.89 1409.61 1422.87 1515.54 1525.04 1399.21 1472.19 1504.79 1539.12 1550.32 1606.75 1454.40 1536.28 1472.91 1493.75 1466.86 1517.86 1463.30 1540.82 1508.57 1422.13 1453.60 1473.41 1439.67 1521.06 1418.87 1385.48 1444.98 1519.45 1434.34 1515.54 1507.84 1512.04 1519.45 1512.18 1293.16 1470.97 1438.70 1528.05 1444.84 1434.34 1534.31 1564.81 1472.59 \n",
      "\n",
      "1502.82 1348.49 1444.32 1508.30 1490.50 1511.19 1511.30 1386.36 1417.79 1507.17 1513.86 1398.52 1459.20 1496.08 1516.98 1528.68 1595.21 1443.70 1518.81 1464.67 1478.52 1455.39 1505.10 1458.24 1531.87 1499.84 1417.98 1443.21 1470.32 1434.38 1512.06 1410.58 1373.57 1437.93 1510.86 1430.03 1507.17 1499.15 1502.86 1510.86 1503.77 1284.20 1459.43 1422.29 1520.10 1434.34 1430.03 1526.55 1546.84 1460.38 \n",
      "\n",
      "1618.18 1431.99 1547.40 1640.10 1604.43 1639.92 1628.78 1496.08 1511.79 1631.77 1642.86 1486.72 1571.15 1617.08 1650.16 1663.38 1746.76 1546.61 1647.73 1573.63 1603.37 1561.98 1623.67 1559.62 1653.71 1622.20 1511.37 1546.19 1583.68 1531.61 1629.14 1504.14 1462.92 1538.99 1628.20 1526.55 1631.77 1621.22 1618.24 1628.20 1627.17 1355.99 1567.22 1528.91 1638.61 1534.31 1526.55 1649.08 1683.84 1568.96 \n",
      "\n",
      "1649.23 1461.00 1581.84 1749.32 1632.69 1683.48 1659.13 1607.46 1529.95 1672.22 1685.85 1483.90 1634.91 1657.01 1758.46 1769.85 1819.98 1580.92 1725.62 1607.08 1664.81 1600.21 1664.66 1578.47 1686.11 1662.58 1530.63 1579.67 1597.45 1550.08 1659.80 1531.43 1497.37 1549.33 1658.52 1546.84 1672.22 1661.40 1649.29 1658.52 1667.32 1388.31 1605.82 1602.76 1667.54 1564.81 1546.84 1683.84 1772.35 1609.44 \n",
      "\n",
      "1543.75 1381.08 1485.53 1577.80 1528.83 1559.94 1552.13 1452.73 1446.65 1551.51 1562.25 1418.82 1508.76 1539.92 1586.50 1598.27 1654.18 1484.81 1578.53 1504.44 1533.35 1499.15 1552.29 1488.89 1574.10 1544.20 1447.12 1483.90 1503.05 1464.38 1553.19 1445.46 1411.92 1470.37 1551.65 1460.38 1551.51 1543.37 1543.79 1551.65 1547.78 1314.95 1503.66 1476.14 1559.96 1472.59 1460.38 1568.96 1609.44 1505.81 \n",
      "\n"
     ]
    }
   ],
   "source": [
    "embedding_matrix = torch.zeros(len(embeddings), embeddings[0].shape[0])\n",
    "for index, embedding in enumerate(embeddings):\n",
    "    embedding_matrix[index, :] = embedding\n",
    "print(embedding_matrix.shape)\n",
    "\n",
    "inner_product_matrix = embedding_matrix @ embedding_matrix.transpose(0, 1)\n",
    "print(inner_product_matrix.shape)\n",
    "\n",
    "matchings = []\n",
    "for i in range(inner_product_matrix.shape[0]):\n",
    "    for j in range(inner_product_matrix.shape[0]):\n",
    "        c = str(inner_product_matrix[i][j].item())\n",
    "        indx = c.index('.')\n",
    "        c = c[:indx + 3]\n",
    "        print(c, end=' ')\n",
    "        if i < j:\n",
    "            matchings.append((i, j, float(c)))\n",
    "    print(\"\\n\")"
   ]
  },
  {
   "cell_type": "code",
   "execution_count": 8,
   "id": "43cfde2c",
   "metadata": {},
   "outputs": [
    {
     "name": "stdout",
     "output_type": "stream",
     "text": [
      "(16, 48, 1819.98)\n",
      "(15, 16, 1809.58)\n",
      "(14, 16, 1796.5)\n",
      "(3, 16, 1785.52)\n",
      "(14, 15, 1777.8)\n",
      "(16, 18, 1773.98)\n",
      "(3, 15, 1769.88)\n",
      "(15, 48, 1769.85)\n",
      "(3, 14, 1760.87)\n",
      "(14, 48, 1758.46)\n",
      "(10, 16, 1751.33)\n",
      "(3, 48, 1749.32)\n",
      "(5, 16, 1748.38)\n",
      "(16, 24, 1747.2)\n",
      "(16, 47, 1746.76)\n",
      "(16, 36, 1736.3)\n",
      "(9, 16, 1736.3)\n",
      "(16, 40, 1730.41)\n",
      "(15, 18, 1728.42)\n",
      "(16, 44, 1727.88)\n",
      "(18, 48, 1725.62)\n",
      "(16, 25, 1724.01)\n",
      "(16, 37, 1722.65)\n",
      "(16, 20, 1718.33)\n",
      "(14, 18, 1717.74)\n",
      "(6, 16, 1717.68)\n",
      "(13, 16, 1717.45)\n",
      "(16, 30, 1717.03)\n",
      "(16, 39, 1716.95)\n",
      "(16, 34, 1716.95)\n",
      "(16, 22, 1716.81)\n",
      "(3, 18, 1708.97)\n",
      "(16, 38, 1705.04)\n",
      "(0, 16, 1704.95)\n",
      "(4, 16, 1692.05)\n",
      "(24, 48, 1686.11)\n",
      "(10, 48, 1685.85)\n",
      "(47, 48, 1683.84)\n",
      "(5, 48, 1683.48)\n",
      "(12, 16, 1677.66)\n",
      "(36, 48, 1672.22)\n",
      "(9, 48, 1672.22)\n",
      "(44, 48, 1667.54)\n",
      "(40, 48, 1667.32)\n",
      "(10, 15, 1666.87)\n",
      "(16, 28, 1665.52)\n",
      "(5, 15, 1665.08)\n",
      "(20, 48, 1664.81)\n",
      "(22, 48, 1664.66)\n",
      "(15, 24, 1663.95)\n",
      "(15, 47, 1663.38)\n",
      "(25, 48, 1662.58)\n",
      "(37, 48, 1661.4)\n",
      "(15, 20, 1660.05)\n",
      "(30, 48, 1659.8)\n",
      "(6, 48, 1659.13)\n",
      "(39, 48, 1658.52)\n",
      "(34, 48, 1658.52)\n",
      "(16, 19, 1658.22)\n",
      "(13, 48, 1657.01)\n",
      "(16, 49, 1654.18)\n",
      "(10, 14, 1654.01)\n",
      "(24, 47, 1653.71)\n",
      "(15, 36, 1653.31)\n",
      "(9, 15, 1653.31)\n",
      "(5, 14, 1652.34)\n",
      "(16, 42, 1651.06)\n",
      "(14, 24, 1650.59)\n",
      "(18, 24, 1650.25)\n",
      "(14, 47, 1650.16)\n",
      "(10, 18, 1649.79)\n",
      "(38, 48, 1649.29)\n",
      "(0, 48, 1649.23)\n",
      "(15, 22, 1649.1)\n",
      "(14, 20, 1648.91)\n",
      "(15, 40, 1648.64)\n",
      "(10, 24, 1647.77)\n",
      "(5, 18, 1647.74)\n",
      "(18, 47, 1647.73)\n",
      "(24, 44, 1645.11)\n",
      "(15, 44, 1644.98)\n",
      "(15, 25, 1644.96)\n",
      "(5, 24, 1644.83)\n",
      "(16, 21, 1644.65)\n",
      "(15, 37, 1643.79)\n",
      "(3, 10, 1643.64)\n",
      "(10, 47, 1642.86)\n",
      "(5, 10, 1642.62)\n",
      "(3, 5, 1642.0)\n",
      "(14, 36, 1640.64)\n",
      "(9, 14, 1640.64)\n",
      "(3, 24, 1640.61)\n",
      "(7, 15, 1640.14)\n",
      "(3, 47, 1640.1)\n",
      "(5, 47, 1639.92)\n",
      "(3, 20, 1639.65)\n",
      "(13, 15, 1639.42)\n",
      "(15, 30, 1638.86)\n",
      "(44, 47, 1638.61)\n",
      "(6, 15, 1638.04)\n",
      "(15, 39, 1637.47)\n",
      "(15, 34, 1637.47)\n",
      "(14, 22, 1636.53)\n",
      "(14, 40, 1636.13)\n",
      "(18, 36, 1635.97)\n",
      "(9, 18, 1635.97)\n",
      "(24, 30, 1635.89)\n",
      "(12, 15, 1635.49)\n",
      "(24, 36, 1635.45)\n",
      "(9, 24, 1635.45)\n",
      "(6, 24, 1635.13)\n",
      "(12, 48, 1634.91)\n",
      "(16, 43, 1634.71)\n",
      "(24, 39, 1634.56)\n",
      "(24, 34, 1634.56)\n",
      "(18, 44, 1632.89)\n",
      "(7, 14, 1632.86)\n",
      "(4, 48, 1632.69)\n",
      "(14, 25, 1632.32)\n",
      "(18, 20, 1632.18)\n",
      "(36, 47, 1631.77)\n",
      "(9, 47, 1631.77)\n",
      "(14, 44, 1631.69)\n",
      "(10, 44, 1631.62)\n",
      "(18, 40, 1631.55)\n",
      "(14, 37, 1631.15)\n",
      "(24, 40, 1630.87)\n",
      "(18, 22, 1630.57)\n",
      "(3, 36, 1630.48)\n",
      "(3, 9, 1630.48)\n",
      "(16, 23, 1630.32)\n",
      "(22, 24, 1629.94)\n",
      "(15, 38, 1629.26)\n",
      "(10, 36, 1629.24)\n",
      "(9, 10, 1629.24)\n",
      "(0, 15, 1629.21)\n",
      "(30, 47, 1629.14)\n",
      "(6, 47, 1628.78)\n",
      "(5, 44, 1628.68)\n",
      "(39, 47, 1628.2)\n",
      "(34, 47, 1628.2)\n",
      "(3, 7, 1627.54)\n",
      "(18, 25, 1627.23)\n",
      "(3, 22, 1627.19)\n",
      "(40, 47, 1627.17)\n",
      "(13, 14, 1627.01)\n",
      "(5, 36, 1626.48)\n",
      "(5, 9, 1626.48)\n",
      "(18, 37, 1626.13)\n",
      "(24, 25, 1626.03)\n",
      "(3, 40, 1626.02)\n",
      "(2, 16, 1625.81)\n",
      "(14, 30, 1625.56)\n",
      "(18, 30, 1625.29)\n",
      "(12, 14, 1625.29)\n",
      "(6, 18, 1625.09)\n",
      "(24, 37, 1625.06)\n",
      "(6, 14, 1624.85)\n",
      "(16, 17, 1624.82)\n",
      "(24, 38, 1624.8)\n",
      "(0, 24, 1624.74)\n",
      "(18, 39, 1624.53)\n",
      "(18, 34, 1624.53)\n",
      "(10, 40, 1624.43)\n",
      "(14, 39, 1624.29)\n",
      "(14, 34, 1624.29)\n",
      "(16, 27, 1624.19)\n",
      "(22, 47, 1623.67)\n",
      "(7, 16, 1623.31)\n",
      "(3, 25, 1622.37)\n",
      "(6, 10, 1622.21)\n",
      "(25, 47, 1622.2)\n",
      "(13, 18, 1622.08)\n",
      "(10, 30, 1621.87)\n",
      "(3, 44, 1621.82)\n",
      "(5, 40, 1621.7)\n",
      "(10, 39, 1621.6)\n",
      "(10, 34, 1621.6)\n",
      "(30, 44, 1621.38)\n",
      "(37, 47, 1621.22)\n",
      "(3, 37, 1621.22)\n",
      "(13, 24, 1620.92)\n",
      "(6, 44, 1620.67)\n",
      "(39, 44, 1620.11)\n",
      "(34, 44, 1620.11)\n",
      "(36, 44, 1620.01)\n",
      "(9, 44, 1620.01)\n",
      "(5, 6, 1619.36)\n",
      "(10, 22, 1619.18)\n",
      "(10, 25, 1619.11)\n",
      "(5, 30, 1618.99)\n",
      "(5, 39, 1618.76)\n",
      "(5, 34, 1618.76)\n",
      "(38, 47, 1618.24)\n",
      "(0, 47, 1618.18)\n",
      "(10, 37, 1618.0)\n",
      "(9, 36, 1617.22)\n",
      "(3, 13, 1617.1)\n",
      "(3, 12, 1617.1)\n",
      "(13, 47, 1617.08)\n",
      "(5, 22, 1616.66)\n",
      "(5, 25, 1616.42)\n",
      "(14, 38, 1616.27)\n",
      "(0, 14, 1616.22)\n",
      "(3, 30, 1615.96)\n",
      "(18, 38, 1615.62)\n",
      "(40, 44, 1615.56)\n",
      "(0, 18, 1615.55)\n",
      "(5, 37, 1615.32)\n",
      "(3, 6, 1615.1)\n",
      "(22, 44, 1614.72)\n",
      "(3, 39, 1614.55)\n",
      "(3, 34, 1614.55)\n",
      "(10, 13, 1613.71)\n",
      "(36, 40, 1612.59)\n",
      "(9, 40, 1612.59)\n",
      "(15, 43, 1612.57)\n",
      "(6, 30, 1611.78)\n",
      "(4, 15, 1611.39)\n",
      "(30, 39, 1611.23)\n",
      "(30, 34, 1611.23)\n",
      "(10, 38, 1611.15)\n",
      "(0, 10, 1611.06)\n",
      "(5, 13, 1611.05)\n",
      "(25, 44, 1610.81)\n",
      "(6, 39, 1610.53)\n",
      "(6, 34, 1610.53)\n",
      "(6, 36, 1610.48)\n",
      "(6, 9, 1610.48)\n",
      "(38, 44, 1610.47)\n",
      "(0, 44, 1610.41)\n",
      "(30, 36, 1610.17)\n",
      "(9, 30, 1610.17)\n",
      "(34, 39, 1609.98)\n",
      "(36, 39, 1609.89)\n",
      "(34, 36, 1609.89)\n",
      "(9, 39, 1609.89)\n",
      "(9, 34, 1609.89)\n",
      "(37, 44, 1609.88)\n",
      "(4, 24, 1609.75)\n",
      "(48, 49, 1609.44)\n",
      "(5, 38, 1608.36)\n",
      "(0, 5, 1608.28)\n",
      "(7, 48, 1607.46)\n",
      "(25, 36, 1607.34)\n",
      "(9, 25, 1607.34)\n",
      "(19, 48, 1607.08)\n",
      "(22, 30, 1606.91)\n",
      "(3, 38, 1606.76)\n",
      "(16, 45, 1606.75)\n",
      "(0, 3, 1606.72)\n",
      "(20, 24, 1606.54)\n",
      "(36, 37, 1606.31)\n",
      "(9, 37, 1606.31)\n",
      "(22, 36, 1606.28)\n",
      "(9, 22, 1606.28)\n",
      "(10, 20, 1606.21)\n",
      "(6, 40, 1606.1)\n",
      "(6, 22, 1605.94)\n",
      "(13, 44, 1605.84)\n",
      "(42, 48, 1605.82)\n",
      "(30, 40, 1605.78)\n",
      "(39, 40, 1605.51)\n",
      "(34, 40, 1605.51)\n",
      "(22, 39, 1605.4)\n",
      "(22, 34, 1605.4)\n",
      "(4, 47, 1604.43)\n",
      "(5, 20, 1604.19)\n",
      "(14, 43, 1603.51)\n",
      "(20, 47, 1603.37)\n",
      "(25, 40, 1602.82)\n",
      "(43, 48, 1602.76)\n",
      "(12, 18, 1602.7)\n",
      "(16, 33, 1602.29)\n",
      "(13, 36, 1602.18)\n",
      "(9, 13, 1602.18)\n",
      "(22, 40, 1602.02)\n",
      "(30, 38, 1602.01)\n",
      "(0, 30, 1601.96)\n",
      "(37, 40, 1601.8)\n",
      "(6, 25, 1601.55)\n",
      "(25, 30, 1601.38)\n",
      "(6, 38, 1601.08)\n",
      "(0, 6, 1601.02)\n",
      "(25, 39, 1600.98)\n",
      "(25, 34, 1600.98)\n",
      "(6, 37, 1600.63)\n",
      "(38, 39, 1600.54)\n",
      "(34, 38, 1600.54)\n",
      "(4, 18, 1600.48)\n",
      "(0, 39, 1600.48)\n",
      "(0, 34, 1600.48)\n",
      "(30, 37, 1600.47)\n",
      "(21, 48, 1600.21)\n",
      "(37, 39, 1600.06)\n",
      "(34, 37, 1600.06)\n",
      "(36, 38, 1599.64)\n",
      "(9, 38, 1599.64)\n",
      "(0, 36, 1599.57)\n",
      "(0, 9, 1599.57)\n",
      "(4, 14, 1599.0)\n",
      "(4, 10, 1598.28)\n",
      "(15, 49, 1598.27)\n",
      "(16, 29, 1598.01)\n",
      "(22, 25, 1597.85)\n",
      "(13, 40, 1597.76)\n",
      "(28, 48, 1597.45)\n",
